0,1649080118.1688442,4256,2437,1819,1897,540,1373,446,1493,789,1077,897,0,2505
1,1649080175.345642,4213,2436,1777,1909,527,1344,433,1505,788,1056,864,0,2528
2,1649080235.4952183,4221,2437,1784,1911,526,1350,434,1496,796,1067,862,0,2529
3,1649080296.976122,4190,2419,1771,1886,533,1333,438,1486,789,1067,848,0,2512
4,1649080355.1421092,4180,2404,1776,1874,530,1334,442,1472,802,1081,825,0,2528
5,1649080415.3465874,4187,2420,1767,1876,544,1323,444,1472,811,1076,828,0,2531
6,1649080476.574853,4203,2416,1787,1878,538,1336,451,1470,814,1086,833,0,2529
7,1649080535.933852,4190,2399,1791,1855,544,1347,444,1472,785,1088,845,0,2500
8,1649080595.150781,4184,2408,1776,1857,551,1326,450,1487,793,1060,844,0,2500
9,1649080655.3616257,4192,2415,1777,1861,554,1329,448,1486,795,1059,852,0,2494
10,1649080715.5765634,4194,2407,1787,1848,559,1333,454,1479,790,1069,856,0,2485
11,1649080775.9031506,4167,2401,1766,1843,558,1321,445,1464,791,1072,840,0,2480
12,1649080835.3808675,4154,2379,1775,1834,545,1328,447,1461,778,1085,830,0,2485
13,1649080895.5237615,4172,2383,1789,1842,541,1356,433,1471,767,1094,840,0,2477
14,1649080956.458663,4178,2381,1797,1846,535,1363,434,1448,789,1096,845,0,2475
15,1649081015.7486396,4199,2392,1807,1858,534,1371,436,1450,784,1092,873,0,2472
16,1649081075.957326,4227,2411,1816,1870,541,1369,447,1455,773,1130,869,0,2473
17,1649081135.4575326,4219,2409,1810,1867,542,1365,445,1469,755,1129,866,0,2475
18,1649081195.677601,4206,2400,1806,1864,536,1363,443,1472,747,1118,869,0,2481
19,1649081256.0142355,4220,2390,1830,1852,538,1378,452,1446,770,1117,887,0,2471
20,1649081315.292067,4219,2388,1831,1856,532,1382,449,1442,774,1113,890,0,2463
21,1649081375.5648315,4216,2383,1833,1851,532,1384,449,1450,773,1091,902,0,2471
22,1649081435.7605033,4220,2401,1819,1865,536,1380,439,1444,778,1097,901,0,2465
23,1649081496.3782673,4209,2411,1798,1872,539,1360,438,1452,769,1105,883,0,2467
24,1649081555.9043941,4254,2423,1831,1891,532,1391,440,1453,770,1135,896,0,2475
25,1649081615.218612,4240,2414,1826,1873,541,1388,438,1446,777,1118,899,0,2468
26,1649081675.3972485,4246,2408,1838,1862,546,1399,439,1471,733,1152,890,0,2464
27,1649081735.6049635,4258,2416,1842,1876,540,1406,436,1457,763,1152,886,0,2476
28,1649081795.8551497,4222,2407,1815,1867,540,1379,436,1471,763,1118,870,0,2475
29,1649081855.0658066,4190,2404,1786,1864,540,1362,424,1473,768,1099,850,0,2481
30,1649081915.2386463,4198,2412,1786,1863,549,1361,425,1464,768,1100,866,0,2466
31,1649081975.5075197,4195,2410,1785,1854,556,1351,434,1449,767,1102,877,0,2458
32,1649082035.7925782,4200,2416,1784,1869,547,1361,423,1457,783,1078,882,0,2466
33,1649082096.4760315,4179,2411,1768,1875,536,1343,425,1452,769,1096,862,0,2472
34,1649082155.967223,4182,2413,1769,1873,540,1338,431,1471,758,1096,857,0,2478
35,1649082215.25607,4138,2378,1760,1854,524,1348,412,1453,778,1070,837,0,2478
36,1649082275.442873,4163,2395,1768,1865,530,1356,412,1485,758,1072,848,0,2486
37,1649082335.707221,4164,2388,1776,1855,533,1360,416,1489,745,1079,851,0,2471
38,1649082396.7206638,4149,2384,1765,1858,526,1354,411,1478,753,1065,853,0,2469
39,1649082455.9109612,4166,2403,1763,1872,531,1347,416,1485,745,1067,869,0,2461
40,1649082515.207356,4135,2376,1759,1852,524,1348,411,1476,749,1056,854,0,2456
41,1649082575.6333685,4139,2382,1757,1857,525,1356,401,1465,768,1053,853,0,2455
42,1649082636.59977,4116,2376,1740,1848,528,1339,401,1482,751,1049,834,0,2453
43,1649082695.829663,4117,2378,1739,1849,529,1327,412,1496,731,1055,835,0,2454
44,1649082755.0333545,4153,2416,1737,1875,541,1319,418,1505,731,1085,832,0,2466
45,1649082815.2448127,4137,2402,1735,1874,528,1307,428,1496,714,1095,832,0,2458
46,1649082876.2061684,4110,2396,1714,1873,523,1298,416,1478,735,1074,823,0,2459
47,1649082935.3629944,4094,2379,1715,1852,527,1297,418,1475,739,1063,817,0,2443
48,1649082995.5494435,4114,2392,1722,1866,526,1302,420,1481,750,1047,836,0,2465
49,1649083055.7095957,4102,2379,1723,1849,530,1298,425,1486,733,1072,811,0,2452
50,1649083116.813519,4110,2386,1724,1848,538,1302,422,1496,693,1087,834,0,2432
51,1649083175.0100117,4115,2383,1732,1847,536,1308,424,1494,692,1094,835,0,2426
52,1649083235.215925,4119,2383,1736,1849,534,1314,422,1494,695,1100,830,0,2444
53,1649083296.3896255,4118,2384,1734,1852,532,1317,417,1472,713,1092,841,0,2442
54,1649083355.8781748,4125,2384,1741,1853,531,1309,432,1479,707,1079,860,0,2439
55,1649083415.3724496,4129,2370,1759,1831,539,1319,440,1457,720,1093,859,0,2423
56,1649083476.349337,4115,2368,1747,1835,533,1316,431,1464,706,1092,853,0,2425
57,1649083535.5867338,4143,2380,1763,1845,535,1335,428,1468,710,1118,847,0,2439
