0,1649087716.6552868,4137,2241,1896,1723,518,1476,420,1309,746,1098,984,0,2323
1,1649087779.0230095,4156,2246,1910,1722,524,1474,436,1308,734,1114,1000,0,2313
2,1649087836.3731687,4159,2249,1910,1724,525,1476,434,1304,731,1107,1017,0,2306
3,1649087898.3835747,4121,2246,1875,1718,528,1457,418,1317,722,1085,997,0,2308
4,1649087956.4984303,4064,2189,1875,1671,518,1465,410,1301,684,1083,996,0,2243
5,1649088018.5778913,4016,2152,1864,1638,514,1452,412,1271,695,1071,979,0,2229
6,1649088077.9839203,4054,2174,1880,1669,505,1463,417,1277,713,1059,1005,0,2254
7,1649088136.5772102,4041,2162,1879,1661,501,1464,415,1296,686,1066,993,0,2247
8,1649088196.8430219,4038,2164,1874,1670,494,1462,412,1281,698,1065,994,0,2247
9,1649088255.956785,4035,2157,1878,1660,497,1468,410,1273,721,1044,997,0,2262
10,1649088315.8652713,4024,2155,1869,1661,494,1463,406,1257,730,1038,999,0,2236
11,1649088375.991956,4009,2135,1874,1651,484,1466,408,1261,718,1052,978,0,2240
12,1649088436.0735998,4020,2157,1863,1673,484,1453,410,1296,694,1058,972,0,2263
13,1649088496.1907775,4043,2178,1865,1687,491,1450,415,1315,679,1080,969,0,2267
14,1649088556.2674167,3991,2149,1842,1659,490,1424,418,1315,673,1043,960,0,2247
15,1649088616.6403263,4003,2157,1846,1666,491,1430,416,1308,674,1060,961,0,2249
16,1649088677.344536,4057,2171,1886,1673,498,1471,415,1324,654,1078,1001,0,2241
17,1649088736.4863245,4084,2195,1889,1692,503,1468,421,1346,655,1085,998,0,2262
18,1649088797.1765225,4051,2162,1889,1667,495,1471,418,1332,654,1073,992,0,2250
19,1649088857.6645353,4066,2171,1895,1669,502,1480,415,1313,701,1050,1002,0,2270
20,1649088932.1212537,4059,2145,1914,1649,496,1482,432,1293,699,1071,996,0,2248
21,1649088976.5166302,4088,2166,1922,1665,501,1481,441,1321,695,1077,995,0,2277
22,1649089037.4300306,4095,2165,1930,1667,498,1482,448,1319,693,1075,1008,0,2263
23,1649089097.1663604,4081,2176,1905,1681,495,1469,436,1332,686,1059,1004,0,2266
24,1649089157.0858574,4075,2178,1897,1678,500,1457,440,1327,696,1067,985,0,2274
26,1649089276.5745313,4122,2205,1917,1686,519,1474,443,1349,689,1084,1000,0,2292
27,1649089336.7892962,4131,2217,1914,1686,531,1474,440,1346,703,1084,998,0,2304
28,1649089396.0612032,4137,2223,1914,1696,527,1477,437,1370,684,1085,998,0,2301
29,1649089456.0017183,4155,2240,1915,1706,534,1492,423,1372,697,1073,1013,0,2309
30,1649089516.5728073,4136,2226,1910,1696,530,1483,427,1353,694,1068,1021,0,2293
31,1649089577.5602748,4155,2233,1922,1696,537,1492,430,1354,693,1086,1022,0,2303
32,1649089637.2936025,4123,2231,1892,1699,532,1470,422,1359,697,1075,992,0,2302
33,1649089696.1861646,4102,2227,1875,1697,530,1451,424,1374,698,1050,980,0,2313
34,1649089756.2067525,4093,2226,1867,1690,536,1451,416,1364,704,1053,972,0,2316
35,1649089816.5946755,4105,2236,1869,1705,531,1461,408,1358,703,1053,991,0,2301
36,1649089876.497156,4115,2234,1881,1713,521,1469,412,1336,711,1072,996,0,2291
37,1649089937.2824397,4122,2240,1882,1707,533,1470,412,1343,694,1081,1004,0,2278
38,1649089997.7834647,4122,2225,1897,1694,531,1478,419,1337,702,1072,1011,0,2275
39,1649090055.259739,4150,2263,1887,1722,541,1471,416,1356,703,1080,1011,0,2293
40,1649090117.6194546,4136,2253,1883,1710,543,1481,402,1332,705,1076,1023,0,2273
41,1649090177.0425,4115,2235,1880,1697,538,1473,407,1305,735,1052,1023,0,2282
42,1649090236.6126788,4115,2228,1887,1698,530,1479,408,1318,718,1059,1020,0,2283
43,1649090297.1957796,4096,2233,1863,1702,531,1446,417,1357,680,1063,996,0,2274
44,1649090356.143392,4118,2231,1887,1714,517,1474,413,1334,688,1072,1024,0,2262
45,1649090416.0738988,4131,2236,1895,1716,520,1478,417,1356,664,1090,1021,0,2262
46,1649090477.223514,4138,2243,1895,1727,516,1484,411,1343,686,1090,1019,0,2280
47,1649090536.5324554,4126,2223,1903,1713,510,1488,415,1336,698,1081,1011,0,2291
48,1649090597.0214686,4151,2248,1903,1735,513,1498,405,1338,682,1097,1034,0,2276
49,1649090656.4044771,4148,2250,1898,1728,522,1492,406,1333,701,1089,1025,0,2301
50,1649090716.6232464,4118,2243,1875,1725,518,1470,405,1330,706,1074,1008,0,2295
51,1649090777.5336437,4128,2247,1881,1725,522,1479,402,1342,698,1076,1012,0,2298
52,1649090837.2559602,4106,2226,1880,1713,513,1472,408,1328,696,1076,1006,0,2292
53,1649090896.2316406,4069,2204,1865,1700,504,1468,397,1312,697,1075,985,0,2282
54,1649090956.4073696,4092,2222,1870,1710,512,1463,407,1301,690,1103,998,0,2268
55,1649091015.9925616,4080,2220,1860,1706,514,1461,399,1317,682,1096,985,0,2272
56,1649091075.8229773,4017,2190,1827,1685,505,1442,385,1317,670,1061,969,0,2244
57,1649091136.2479331,4048,2218,1830,1711,507,1450,380,1329,686,1081,952,0,2271
58,1649091195.9682488,4061,2234,1827,1720,514,1444,383,1320,695,1070,976,0,2270
59,1649091256.2520757,4051,2223,1828,1713,510,1443,385,1302,710,1062,977,0,2271
60,1649091316.5218909,4092,2245,1847,1730,515,1456,391,1322,709,1076,985,0,2287
61,1649091377.071961,4068,2229,1839,1717,512,1448,391,1299,700,1063,1006,0,2264
62,1649091436.1336768,4050,2230,1820,1713,517,1433,387,1319,683,1050,998,0,2255
63,1649091496.0651848,4068,2237,1831,1720,517,1439,392,1330,693,1054,991,0,2268
64,1649091559.886229,4002,2201,1801,1694,507,1418,383,1303,694,1040,965,0,2249
65,1649091615.4938035,3993,2191,1802,1672,519,1407,395,1295,707,1016,975,0,2246
66,1649091677.3991063,4025,2208,1817,1699,509,1429,388,1293,707,1020,1005,0,2239
67,1649091736.5699213,3977,2171,1806,1673,498,1419,387,1290,692,1013,982,0,2230
68,1649091796.462393,4011,2174,1837,1678,496,1438,399,1278,702,1043,988,0,2235
69,1649091857.284711,4007,2174,1833,1675,499,1428,405,1288,690,1029,1000,0,2223
70,1649091916.1972916,3968,2155,1813,1655,500,1413,400,1266,699,1008,995,0,2205
71,1649091977.041629,3964,2169,1795,1665,504,1399,396,1265,701,1013,985,0,2201
72,1649092035.9431994,3980,2183,1797,1674,509,1395,402,1275,686,1028,991,0,2201
73,1649092096.2240245,4014,2194,1820,1684,510,1411,409,1273,705,1053,983,0,2224
74,1649092156.1675427,3996,2206,1790,1681,525,1394,396,1290,695,1056,955,0,2227
75,1649092217.872663,3959,2170,1789,1644,526,1393,396,1287,693,1019,960,0,2214
76,1649092276.0916123,3958,2171,1787,1653,518,1395,392,1282,706,1007,963,0,2206
77,1649092335.928033,3942,2173,1769,1652,521,1379,390,1294,684,1009,955,0,2203
78,1649092395.9796498,3915,2159,1756,1647,512,1372,384,1286,696,1001,932,0,2213
79,1649092456.5257158,3929,2157,1772,1641,516,1381,391,1283,685,1022,939,0,2206
80,1649092517.4251032,3919,2142,1777,1630,512,1391,386,1276,675,1020,948,0,2204
81,1649092576.5098405,3921,2149,1772,1634,515,1375,397,1295,683,1006,937,0,2217
82,1649092637.6864805,3931,2150,1781,1630,520,1370,411,1294,680,1010,947,0,2214
83,1649092697.8512,3983,2169,1814,1657,512,1407,407,1303,668,1032,980,0,2212
84,1649092755.8979924,3995,2182,1813,1671,511,1406,407,1304,679,1031,981,0,2224
85,1649092816.0446954,3962,2166,1796,1649,517,1388,408,1296,690,1007,969,0,2219
86,1649092877.1512716,3948,2170,1778,1650,520,1372,406,1286,690,1018,954,0,2218
87,1649092936.78751,3894,2131,1763,1617,514,1367,396,1260,691,1001,942,0,2198
88,1649092996.9782531,3919,2150,1769,1631,519,1371,398,1253,685,1029,952,0,2199
89,1649093057.40421,3949,2165,1784,1648,517,1382,402,1261,681,1038,969,0,2204
90,1649093117.8341706,3940,2155,1785,1629,526,1384,401,1249,672,1039,980,0,2183
91,1649093177.198162,3922,2138,1784,1624,514,1382,402,1255,669,1033,965,0,2189
92,1649093236.4368021,3929,2146,1783,1635,511,1381,402,1256,681,1029,963,0,2192
93,1649093296.77865,3930,2127,1803,1619,508,1399,404,1254,693,1015,968,0,2210
94,1649093356.976141,3934,2137,1797,1627,510,1393,404,1284,653,1022,975,0,2196
95,1649093416.130117,3951,2153,1798,1639,514,1390,408,1305,639,1044,963,0,2210
96,1649093476.3010428,3944,2142,1802,1638,504,1401,401,1282,645,1053,964,0,2207
97,1649093536.6082287,3933,2144,1789,1639,505,1387,402,1303,645,1037,948,0,2207
98,1649093598.7767358,3949,2168,1781,1656,512,1379,402,1308,658,1040,943,0,2230
99,1649093655.9823296,3951,2166,1785,1653,513,1385,400,1303,683,1010,955,0,2236
100,1649093716.832944,3933,2156,1777,1641,515,1379,398,1312,674,992,955,0,2234
101,1649093777.699229,3954,2162,1792,1646,516,1397,395,1306,678,1010,960,0,2225
102,1649093837.6244495,3922,2147,1775,1626,521,1380,395,1299,665,989,969,0,2209
103,1649093898.5543566,3960,2173,1787,1649,524,1393,394,1298,683,999,980,0,2235
104,1649093957.0721164,3944,2182,1762,1662,520,1385,377,1305,686,987,966,0,2232
105,1649094016.2206848,3924,2160,1764,1639,521,1388,376,1287,677,998,962,0,2213
106,1649094077.9023426,3934,2148,1786,1626,522,1400,386,1296,644,1022,972,0,2195
107,1649094136.7305746,3907,2133,1774,1619,514,1396,378,1289,655,1003,960,0,2193
108,1649094198.3017702,3920,2158,1762,1647,511,1382,380,1299,650,997,974,0,2198
109,1649094256.7931728,3965,2190,1775,1665,525,1399,376,1319,659,1011,976,0,2234
110,1649094316.4740283,3961,2184,1777,1661,523,1394,383,1299,676,1005,981,0,2232
111,1649094376.992134,3979,2187,1792,1659,528,1397,395,1300,681,1010,988,0,2240
112,1649094436.012804,3975,2183,1792,1659,524,1403,389,1298,681,1004,992,0,2235
113,1649094496.6869848,4009,2200,1809,1669,531,1407,402,1300,682,1022,1005,0,2245
114,1649094558.5539246,3989,2186,1803,1650,536,1412,391,1312,678,1017,982,0,2244
115,1649094616.4766378,4012,2200,1812,1671,529,1417,395,1302,683,1032,995,0,2244
116,1649094676.7312212,4035,2205,1830,1673,532,1426,404,1293,697,1040,1005,0,2253
117,1649094735.980615,4015,2212,1803,1688,524,1406,397,1284,696,1041,994,0,2241
118,1649094796.4802904,4037,2225,1812,1693,532,1410,402,1285,700,1048,1004,0,2238
119,1649094857.4516294,4034,2216,1818,1689,527,1427,391,1276,729,1013,1016,0,2240
120,1649094917.12471,3989,2211,1778,1681,530,1384,394,1312,689,1018,970,0,2247
121,1649094976.828785,4017,2215,1802,1688,527,1403,399,1309,693,1047,968,0,2258
122,1649095036.5952764,4031,2217,1814,1690,527,1407,407,1326,655,1064,986,0,2234
123,1649095097.8489573,4010,2209,1801,1686,523,1399,402,1317,665,1051,977,0,2238
124,1649095157.345493,4027,2214,1813,1683,531,1401,412,1304,675,1047,1001,0,2244
125,1649095218.620931,3998,2206,1792,1675,531,1387,405,1298,662,1041,997,0,2222
126,1649095278.344006,3982,2186,1796,1661,525,1393,403,1274,667,1041,1000,0,2200
127,1649095337.4279537,3961,2176,1785,1650,526,1386,399,1285,666,1037,973,0,2208
128,1649095397.1831331,3928,2172,1756,1659,513,1365,391,1278,673,1020,957,0,2213
129,1649095458.8759804,3897,2154,1743,1655,499,1361,382,1270,655,1006,966,0,2182
130,1649095516.376259,3889,2157,1732,1656,501,1349,383,1282,637,1002,968,0,2167
131,1649095576.6305134,3915,2158,1757,1672,486,1370,387,1261,663,997,994,0,2170
132,1649095637.357633,3858,2105,1753,1622,483,1359,394,1231,659,986,982,0,2137
133,1649095708.00689,3843,2106,1737,1634,472,1348,389,1248,637,1004,954,0,2149
134,1649095755.7425377,3849,2107,1742,1626,481,1355,387,1240,651,997,961,0,2139
135,1649095816.2019804,3812,2101,1711,1616,485,1321,390,1238,649,992,933,0,2135
136,1649095876.4295378,3851,2120,1731,1627,493,1341,390,1229,649,1020,953,0,2140
137,1649095936.4992487,3842,2128,1714,1629,499,1320,394,1241,643,1010,948,0,2140
138,1649095997.8784518,3886,2145,1741,1647,498,1350,391,1246,669,1034,937,0,2167
139,1649096057.273174,3862,2128,1734,1634,494,1331,403,1243,670,1011,938,0,2165
140,1649096117.0997672,3885,2147,1738,1648,499,1339,399,1259,657,1019,950,0,2161
141,1649096176.8136742,3919,2142,1777,1645,497,1365,412,1250,670,1033,966,0,2167
142,1649096237.4453423,3930,2152,1778,1653,499,1364,414,1247,694,1014,975,0,2173
143,1649096298.020037,3941,2171,1770,1671,500,1366,404,1265,692,992,992,0,2190
144,1649096356.7611442,3928,2169,1759,1672,497,1349,410,1261,679,1009,979,0,2181
145,1649096417.1089768,3958,2179,1779,1675,504,1363,416,1284,650,1040,984,0,2180
146,1649096475.6917288,3946,2176,1770,1679,497,1360,410,1275,667,1030,974,0,2191
147,1649096536.804277,3926,2167,1759,1661,506,1356,403,1273,655,1036,962,0,2185
148,1649096597.0229032,3950,2182,1768,1666,516,1360,408,1291,652,1042,965,0,2215
149,1649096656.0324469,4002,2204,1798,1688,516,1388,410,1287,665,1056,994,0,2228
150,1649096716.0839396,3992,2208,1784,1692,516,1377,407,1305,655,1048,984,0,2228
151,1649096776.2709806,4049,2226,1823,1706,520,1411,412,1318,679,1065,987,0,2272
152,1649096837.2176256,4060,2254,1806,1730,524,1394,412,1333,687,1050,990,0,2292
153,1649096899.477419,4090,2258,1832,1736,522,1425,407,1348,666,1068,1008,0,2283
154,1649096956.667164,4095,2247,1848,1723,524,1429,419,1349,648,1078,1020,0,2279
155,1649097016.9595726,4085,2256,1829,1737,519,1419,410,1340,663,1083,999,0,2273
156,1649097076.5012486,4070,2252,1818,1727,525,1417,401,1328,668,1056,1018,0,2258
157,1649097138.6002765,4094,2271,1823,1733,538,1420,403,1357,650,1068,1019,0,2277
158,1649097199.7443109,4090,2255,1835,1721,534,1424,411,1368,632,1078,1012,0,2285
159,1649097255.7654371,4096,2256,1840,1722,534,1427,413,1334,683,1064,1015,0,2293
160,1649097315.6432397,4068,2231,1837,1718,513,1433,404,1327,681,1058,1002,0,2277
161,1649097377.710546,4045,2212,1833,1701,511,1430,403,1313,677,1078,977,0,2257
162,1649097440.2101922,4054,2231,1823,1721,510,1415,408,1343,668,1070,973,0,2286
163,1649097496.4143822,4083,2262,1821,1745,517,1421,400,1351,680,1069,983,0,2297
164,1649097557.0068014,4079,2264,1815,1733,531,1417,398,1360,673,1078,968,0,2298
165,1649097616.319153,4052,2242,1810,1725,517,1416,394,1335,693,1062,962,0,2292
166,1649097676.5524306,4074,2246,1828,1722,524,1433,395,1332,686,1069,987,0,2291
167,1649097738.9184017,4096,2256,1840,1730,526,1435,405,1347,682,1094,973,0,2307
168,1649097796.8788934,4096,2257,1839,1736,521,1434,405,1354,682,1087,973,0,2297
169,1649097857.7908552,4069,2242,1827,1715,527,1420,407,1344,692,1077,956,0,2293
170,1649097916.0217733,4079,2252,1827,1731,521,1421,406,1340,691,1073,975,0,2291
171,1649097977.093861,4097,2251,1846,1728,523,1424,422,1345,683,1074,995,0,2288
172,1649098038.0757244,4089,2255,1834,1731,524,1415,419,1350,686,1077,976,0,2295
173,1649098096.4874368,4084,2261,1823,1736,525,1416,407,1367,679,1086,952,0,2304
174,1649098156.6838152,4100,2276,1824,1755,521,1418,406,1380,678,1082,960,0,2309
175,1649098216.6490107,4126,2274,1852,1750,524,1430,422,1372,704,1081,969,0,2333
176,1649098276.7307515,4093,2255,1838,1733,522,1429,409,1348,718,1071,956,0,2324
177,1649098336.429397,4111,2268,1843,1743,525,1429,414,1371,706,1070,964,0,2334
178,1649098396.874947,4088,2262,1826,1739,523,1421,405,1376,690,1078,944,0,2318
179,1649098457.536662,4127,2279,1848,1747,532,1434,414,1386,669,1118,954,0,2316
180,1649098519.8810704,4125,2279,1846,1750,529,1440,406,1392,686,1088,959,0,2337
181,1649098576.970947,4139,2293,1846,1755,538,1442,404,1370,682,1115,972,0,2318
182,1649098636.5192502,4161,2282,1879,1745,537,1463,416,1385,665,1125,986,0,2320
183,1649098696.5843751,4129,2268,1861,1742,526,1456,405,1373,668,1124,964,0,2305
184,1649098761.412249,4110,2263,1847,1738,525,1447,400,1369,684,1108,949,0,2302
185,1649098816.3519719,4097,2253,1844,1742,511,1454,390,1372,673,1088,964,0,2293
186,1649098876.746926,4113,2269,1844,1763,506,1447,397,1381,674,1103,955,0,2315
187,1649098936.1450117,4078,2246,1832,1752,494,1449,383,1362,670,1085,961,0,2283
188,1649098997.108441,4080,2251,1829,1755,496,1439,390,1358,672,1092,958,0,2288
189,1649099056.7967887,4074,2245,1829,1731,514,1437,392,1354,665,1114,941,0,2281
190,1649099117.6758926,4106,2259,1847,1749,510,1449,398,1368,678,1098,962,0,2304
191,1649099177.4560502,4124,2268,1856,1758,510,1449,407,1346,710,1093,975,0,2308
192,1649099237.4535117,4121,2277,1844,1761,516,1440,404,1371,683,1094,973,0,2313
193,1649099297.6165326,4118,2266,1852,1751,515,1448,404,1353,714,1097,954,0,2328
194,1649099358.9911842,4142,2276,1866,1763,513,1460,406,1373,707,1085,977,0,2326
195,1649099417.7637823,4125,2263,1862,1757,506,1461,401,1379,709,1065,972,0,2334
196,1649099475.8650515,4114,2254,1860,1738,516,1453,407,1385,693,1065,971,0,2328
197,1649099536.4500961,4119,2258,1861,1750,508,1464,397,1391,673,1089,966,0,2319
198,1649099597.104038,4089,2256,1833,1752,504,1435,398,1381,676,1072,960,0,2316
199,1649099656.9051847,4090,2267,1823,1766,501,1426,397,1384,682,1060,964,0,2323
200,1649099716.5649922,4082,2247,1835,1752,495,1435,400,1375,692,1050,965,0,2307
201,1649099776.935719,4113,2257,1856,1748,509,1444,412,1383,683,1052,995,0,2301
202,1649099836.288488,4120,2270,1850,1752,518,1431,419,1403,657,1073,987,0,2304
203,1649099896.4630075,4102,2271,1831,1758,513,1416,415,1407,674,1055,966,0,2319
204,1649099957.2944722,4055,2236,1819,1730,506,1414,405,1384,678,1035,958,0,2315
205,1649100016.777221,4081,2250,1831,1737,513,1430,401,1358,712,1036,975,0,2311
206,1649100077.4564083,4093,2236,1857,1732,504,1441,416,1368,682,1055,988,0,2303
207,1649100138.2694192,4109,2252,1857,1750,502,1439,418,1386,685,1039,999,0,2315
208,1649100198.3379967,4131,2274,1857,1765,509,1450,407,1385,691,1045,1010,0,2322
209,1649100256.5254655,4126,2273,1853,1765,508,1451,402,1379,698,1046,1003,0,2326
210,1649100316.855195,4097,2270,1827,1759,511,1424,403,1368,692,1049,988,0,2319
211,1649100377.2278414,4109,2264,1845,1755,509,1430,415,1362,707,1051,989,0,2325
212,1649100436.6909063,4132,2275,1857,1756,519,1446,411,1378,706,1028,1020,0,2330
213,1649100496.7661862,4141,2285,1856,1760,525,1444,412,1399,678,1055,1009,0,2325
214,1649100556.472681,4151,2279,1872,1755,524,1452,420,1401,692,1052,1006,0,2341
215,1649100617.7907567,4109,2246,1863,1725,521,1448,415,1392,684,1077,956,0,2335
216,1649100676.0369105,4140,2268,1872,1743,525,1454,418,1387,706,1055,992,0,2341
217,1649100736.110764,4139,2259,1880,1732,527,1454,426,1395,679,1056,1009,0,2331
218,1649100797.3124826,4117,2258,1859,1734,524,1444,415,1393,674,1061,989,0,2326
219,1649100856.7369118,4179,2287,1892,1767,520,1461,431,1401,692,1079,1007,0,2355
220,1649100917.5885673,4141,2290,1851,1767,523,1438,413,1393,702,1067,979,0,2370
221,1649100976.6865482,4148,2296,1852,1766,530,1442,410,1408,664,1101,975,0,2353
222,1649101038.0213552,4144,2287,1857,1757,530,1440,417,1401,675,1084,984,0,2353
223,1649101096.8815107,4164,2281,1883,1751,530,1457,426,1374,706,1108,976,0,2363
224,1649101157.2293622,4182,2297,1885,1768,529,1470,415,1389,717,1107,969,0,2398
225,1649101217.111783,4184,2313,1871,1773,540,1448,423,1415,689,1096,984,0,2382
226,1649101276.902657,4179,2325,1854,1795,530,1440,414,1402,692,1088,997,0,2365
227,1649101336.534447,4149,2289,1860,1761,528,1446,414,1390,680,1086,993,0,2346
228,1649101397.4830742,4138,2301,1837,1766,535,1422,415,1386,682,1104,966,0,2356
229,1649101456.5972264,4135,2290,1845,1762,528,1428,417,1396,661,1085,993,0,2342
230,1649101517.4638772,4122,2296,1826,1770,526,1415,411,1384,703,1058,977,0,2366
231,1649101578.0435722,4149,2313,1836,1784,529,1426,410,1405,696,1072,976,0,2367
232,1649101640.038377,4148,2313,1835,1790,523,1436,399,1399,706,1074,969,0,2379
233,1649101697.1617782,4145,2312,1833,1786,526,1429,404,1400,712,1063,970,0,2382
234,1649101756.765354,4154,2319,1835,1793,526,1433,402,1406,707,1081,960,0,2387
235,1649101816.4985328,4151,2329,1822,1787,542,1416,406,1405,696,1090,960,0,2377
236,1649101876.962006,4172,2334,1838,1799,535,1432,406,1401,706,1085,980,0,2379
237,1649101937.4794562,4163,2327,1836,1791,536,1426,410,1389,717,1082,975,0,2378
238,1649101997.637482,4159,2327,1832,1791,536,1425,407,1399,705,1069,986,0,2365
239,1649102057.0916271,4143,2287,1856,1756,531,1449,407,1374,704,1082,983,0,2338
240,1649102116.32236,4162,2291,1871,1762,529,1452,419,1378,687,1090,1007,0,2325
241,1649102176.9383104,4165,2314,1851,1777,537,1420,431,1385,696,1090,994,0,2349
242,1649102235.891541,4164,2315,1849,1788,527,1425,424,1385,706,1083,990,0,2348
243,1649102296.5556126,4124,2289,1835,1766,523,1425,410,1378,696,1073,977,0,2334
244,1649102356.7429764,4121,2302,1819,1768,534,1407,412,1390,702,1051,978,0,2337
245,1649102417.3784602,4125,2309,1816,1768,541,1397,419,1400,686,1078,961,0,2333
246,1649102476.4673197,4113,2302,1811,1768,534,1397,414,1413,668,1078,954,0,2349
247,1649102536.926044,4120,2307,1813,1767,540,1393,420,1389,697,1060,974,0,2342
248,1649102597.8060822,4038,2268,1770,1729,539,1365,405,1353,677,1052,956,0,2295
249,1649102657.9859881,4008,2250,1758,1718,532,1350,408,1329,688,998,993,0,2255
250,1649102716.1692574,4005,2254,1751,1724,530,1343,408,1350,666,1012,977,0,2263
251,1649102777.3977544,3980,2236,1744,1711,525,1350,394,1339,678,1001,962,0,2269
252,1649102837.2343028,3983,2240,1743,1720,520,1350,393,1347,660,1002,974,0,2249
253,1649102899.6730134,3997,2265,1732,1735,530,1326,406,1358,665,1013,961,0,2270
254,1649102956.7968285,3941,2231,1710,1705,526,1306,404,1339,645,1017,940,0,2238
255,1649103016.2102113,3958,2235,1723,1710,525,1325,398,1340,657,1021,940,0,2250
256,1649103077.38811,3956,2227,1729,1712,515,1329,400,1336,665,1019,936,0,2262
257,1649103138.1443439,3934,2228,1706,1699,529,1308,398,1360,654,1006,914,0,2275
258,1649103196.334732,3923,2219,1704,1680,539,1309,395,1327,686,986,924,0,2273
259,1649103257.3823147,3959,2248,1711,1698,550,1311,400,1347,676,1004,932,0,2282
260,1649103317.446308,3924,2237,1687,1691,546,1284,403,1359,630,1004,931,0,2247
261,1649103376.4724863,3919,2213,1706,1674,539,1297,409,1345,661,983,930,0,2247
262,1649103437.143989,3959,2226,1733,1691,535,1319,414,1362,650,1000,947,0,2255
263,1649103497.2779212,3972,2245,1727,1699,546,1309,418,1377,620,1034,941,0,2247
264,1649103557.017173,3954,2242,1712,1706,536,1298,414,1388,618,1013,935,0,2256
265,1649103617.4104993,3950,2237,1713,1687,550,1302,411,1374,629,1032,915,0,2260
266,1649103677.9975545,3912,2233,1679,1683,550,1279,400,1379,630,1006,897,0,2263
267,1649103748.5046358,3899,2211,1688,1667,544,1282,406,1362,646,1003,888,0,2266
268,1649103798.279308,3908,2217,1691,1671,546,1282,409,1366,641,1006,895,0,2269
269,1649103857.5206654,3939,2220,1719,1663,557,1308,411,1362,658,1009,910,0,2287
270,1649103921.8864548,3951,2227,1724,1679,548,1309,415,1353,657,1024,917,0,2297
271,1649103977.3689175,3955,2222,1733,1672,550,1316,417,1350,651,1027,927,0,2275
272,1649104037.7345505,3972,2237,1735,1689,548,1318,417,1330,674,1023,945,0,2278
273,1649104096.5102484,3915,2208,1707,1679,529,1300,407,1320,656,1020,919,0,2245
274,1649104158.479975,3917,2198,1719,1671,527,1316,403,1332,658,1009,918,0,2250
275,1649104216.9413846,3894,2187,1707,1671,516,1305,402,1330,662,1007,895,0,2250
276,1649104275.7171478,3931,2208,1723,1693,515,1324,399,1338,660,1027,906,0,2267
277,1649104337.5769892,3929,2225,1704,1698,527,1306,398,1358,652,1013,906,0,2270
278,1649104397.3955672,3943,2233,1710,1700,533,1303,407,1362,666,1007,908,0,2290
279,1649104457.236967,3931,2224,1707,1682,542,1300,407,1347,670,994,920,0,2266
281,1649104576.0753431,3937,2239,1698,1713,526,1304,394,1366,649,1015,907,0,2265
282,1649104637.5034604,3894,2232,1662,1690,542,1267,395,1361,643,978,912,0,2244
283,1649104697.9462326,3910,2220,1690,1680,540,1295,395,1366,653,979,912,0,2259
284,1649104756.6098475,3923,2229,1694,1677,552,1295,399,1372,654,990,907,0,2280
285,1649104817.232419,3962,2259,1703,1699,560,1303,400,1372,669,1019,902,0,2301
286,1649104877.0477686,3950,2255,1695,1703,552,1295,400,1370,685,995,900,0,2316
287,1649104936.1996653,3936,2233,1703,1682,551,1307,396,1376,656,998,906,0,2293
288,1649104996.02576,3932,2242,1690,1684,558,1296,394,1382,651,991,908,0,2298
289,1649105056.410613,3983,2269,1714,1707,562,1315,399,1410,642,1003,928,0,2319
290,1649105117.1655593,3962,2266,1696,1700,566,1296,400,1413,632,1003,914,0,2314
291,1649105177.4111404,3960,2252,1708,1693,559,1304,404,1403,638,984,935,0,2301
292,1649105237.167681,3957,2250,1707,1694,556,1304,403,1405,630,1002,920,0,2305
293,1649105297.134779,3946,2250,1696,1689,561,1305,391,1404,660,975,907,0,2309
294,1649105356.2777162,3954,2260,1694,1710,550,1309,385,1416,650,984,904,0,2325
295,1649105416.0407422,3928,2234,1694,1687,547,1309,385,1418,625,987,898,0,2301
296,1649105477.8476975,3937,2236,1701,1679,557,1307,394,1419,640,987,891,0,2309
297,1649105536.7088377,3973,2253,1720,1700,553,1326,394,1430,659,987,897,0,2335
298,1649105597.2792232,3939,2230,1709,1684,546,1311,398,1415,630,997,897,0,2293
299,1649105656.8203921,3946,2224,1722,1676,548,1320,402,1406,637,983,920,0,2277
300,1649105716.3529787,3932,2233,1699,1686,547,1297,402,1363,684,976,909,0,2282
301,1649105776.4181132,3964,2228,1736,1682,546,1316,420,1371,691,981,921,0,2298
302,1649105836.7629547,4012,2257,1755,1693,564,1335,420,1399,688,987,938,0,2318
303,1649105896.4856844,3972,2238,1734,1697,541,1329,405,1421,667,968,916,0,2320
304,1649105956.8001804,3966,2242,1724,1691,551,1324,400,1419,672,974,901,0,2320
305,1649106016.5471604,3964,2232,1732,1679,553,1330,402,1398,687,987,892,0,2325
306,1649106076.6491556,4011,2242,1769,1691,551,1365,404,1391,697,1004,919,0,2337
307,1649106137.7122183,4019,2237,1782,1697,540,1381,401,1403,676,1006,934,0,2323
308,1649106196.9124033,4021,2241,1780,1696,545,1379,401,1375,694,1018,934,0,2319
309,1649106255.7838817,4052,2267,1785,1725,542,1381,404,1405,667,1030,950,0,2321
310,1649106316.558147,4040,2274,1766,1731,543,1371,395,1401,698,1008,933,0,2342
311,1649106376.5485764,4032,2278,1754,1729,549,1350,404,1420,685,1021,906,0,2354
312,1649106440.5287447,4011,2252,1759,1698,554,1355,404,1422,671,1013,905,0,2326
313,1649106497.4624965,4004,2269,1735,1717,552,1333,402,1408,703,992,901,0,2354
314,1649106556.9889233,4029,2263,1766,1722,541,1371,395,1400,684,1014,931,0,2338
315,1649106616.0569623,4009,2259,1750,1720,539,1348,402,1400,670,1006,933,0,2317
316,1649106678.1551054,4059,2283,1776,1736,547,1362,414,1424,667,1026,942,0,2340
317,1649106736.665157,4038,2282,1756,1740,542,1350,406,1430,661,1015,932,0,2338
318,1649106798.0194993,4050,2278,1772,1727,551,1359,413,1443,668,998,941,0,2342
319,1649106856.6525278,4088,2294,1794,1742,552,1373,421,1450,669,1027,942,0,2366
320,1649106917.5216384,4096,2305,1791,1749,556,1365,426,1481,662,1042,911,0,2397
321,1649106977.8171027,4099,2278,1821,1726,552,1390,431,1453,662,1049,935,0,2363
322,1649107036.0982707,4060,2253,1807,1699,554,1369,438,1438,669,1035,918,0,2353
323,1649107097.1685116,4049,2238,1811,1690,548,1370,441,1414,667,1037,931,0,2328
324,1649107156.1027327,4070,2255,1815,1709,546,1382,433,1421,653,1068,928,0,2328
325,1649107216.2606268,4052,2245,1807,1702,543,1374,433,1420,653,1043,936,0,2324
326,1649107277.6709127,4035,2237,1798,1697,540,1375,423,1417,651,1044,923,0,2318
327,1649107337.7092595,4040,2237,1803,1701,536,1389,414,1419,658,1032,931,0,2319
328,1649107397.1406736,4038,2250,1788,1706,544,1375,413,1407,669,1015,947,0,2311
329,1649107456.8406506,4006,2240,1766,1693,547,1349,417,1403,672,1005,926,0,2312
330,1649107516.3146157,4063,2277,1786,1716,561,1366,420,1439,659,1027,938,0,2328
331,1649107576.4490862,4083,2278,1805,1721,557,1386,419,1398,701,1038,946,0,2335
332,1649107637.6172981,4052,2249,1803,1693,556,1378,425,1364,702,1025,961,0,2298
334,1649107757.7470918,4061,2243,1818,1683,560,1398,420,1380,711,1030,940,0,2313
333,1649107697.3058994,4060,2263,1797,1701,562,1370,427,1396,691,1028,945,0,2319
335,1649107817.1669247,4092,2271,1821,1705,566,1403,418,1394,723,1042,933,0,2338
336,1649107875.982016,4077,2274,1803,1701,573,1385,418,1394,712,1037,934,0,2327
337,1649107937.2501864,4110,2289,1821,1711,578,1400,421,1419,688,1044,959,0,2336
338,1649107996.600302,4077,2278,1799,1711,567,1388,411,1401,690,1050,936,0,2323
339,1649108058.9101307,4067,2266,1801,1708,558,1389,412,1392,707,1018,950,0,2329
341,1649108177.3358579,4048,2284,1764,1721,563,1360,404,1402,697,1028,921,0,2328
342,1649108237.3090465,4028,2249,1779,1694,555,1375,404,1368,716,1022,922,0,2308
343,1649108297.087839,4005,2212,1793,1679,533,1393,400,1323,729,1019,934,0,2276
344,1649108356.317196,4017,2222,1795,1685,537,1386,409,1355,699,1029,934,0,2289
345,1649108418.0754185,4024,2237,1787,1686,551,1372,415,1371,679,1035,939,0,2287
346,1649108476.3728163,4011,2226,1785,1680,546,1376,409,1362,672,1048,929,0,2269
347,1649108538.3037453,3980,2216,1764,1675,541,1357,407,1336,696,1043,905,0,2268
348,1649108596.6518695,4011,2204,1807,1673,531,1391,416,1351,694,1040,926,0,2284
349,1649108656.62024,3935,2136,1799,1618,518,1380,419,1297,696,1006,936,0,2221
350,1649108716.4016783,3918,2116,1802,1615,501,1396,406,1282,680,1016,940,0,2184
351,1649108776.363881,3918,2115,1803,1614,501,1399,404,1274,673,1032,939,0,2178
352,1649108836.4201772,3898,2096,1802,1593,503,1391,411,1270,649,1044,935,0,2155
353,1649108896.856863,3839,2061,1778,1551,510,1366,412,1269,642,1004,924,0,2129
354,1649108956.0945935,3834,2060,1774,1546,514,1356,418,1261,628,1009,936,0,2121
355,1649109015.847669,3846,2087,1759,1581,506,1354,405,1260,658,1021,907,0,2150
356,1649109077.078058,3840,2086,1754,1581,505,1344,410,1272,636,1014,918,0,2121
357,1649109137.2215066,3825,2092,1733,1587,505,1327,406,1289,639,990,907,0,2132
358,1649109196.8020864,3806,2081,1725,1583,498,1326,399,1287,643,975,901,0,2139
359,1649109260.6522877,3806,2085,1721,1587,498,1311,410,1294,641,979,892,0,2147
360,1649109318.3864658,3736,2040,1696,1551,489,1291,405,1268,631,971,866,0,2116
361,1649109377.0103621,3778,2064,1714,1574,490,1311,403,1267,620,1003,888,0,2108
362,1649109436.0005267,3779,2061,1718,1565,496,1310,408,1280,625,991,883,0,2115
363,1649109496.3717391,3811,2085,1726,1583,502,1318,408,1275,635,1018,883,0,2121
364,1649109556.1156912,3804,2093,1711,1586,507,1309,402,1284,643,1000,877,0,2134
365,1649109616.8553941,3827,2093,1734,1583,510,1321,413,1288,651,992,896,0,2144
366,1649109676.3279285,3797,2068,1729,1568,500,1315,414,1289,643,978,887,0,2136
367,1649109737.5462835,3801,2074,1727,1576,498,1308,419,1293,647,967,894,0,2129
369,1649109857.789329,3820,2088,1732,1574,514,1318,414,1298,646,1000,876,0,2151
370,1649109918.3694887,3813,2082,1731,1566,516,1309,422,1293,643,998,879,0,2154
371,1649109977.9619963,3814,2081,1733,1569,512,1311,422,1314,646,985,869,0,2161
372,1649110037.612895,3809,2079,1730,1572,507,1317,413,1298,651,987,873,0,2149
373,1649110098.0005236,3859,2106,1753,1599,507,1336,417,1317,627,1016,899,0,2165
